##voorbeel script
10 + 300
vb <- 310

